0,504
30,5
0,503
0,502
39,72
39,71
39,70
0,501
39,69
39,68
39,67
39,66
39,65
39,64
39,36
39,35
30,4
36,5
40,5
39,34
39,2
39,0
31,5
45,35
39,33
39,32
39,31
39,30
39,29
39,28
39,27
39,26
39,25
39,24
39,23
39,22
39,21
39,20
39,19
39,18
39,17
39,16
39,15
39,14
39,13
39,12
39,11
39,10
39,9
39,8
10,109
10,129
10,291
10,199
10,255
10,309
10,97
11,22
11,27
11,24
11,11
11,12
11,8
11,6
9,5
8,12
8,17
8,7
8,5
8,13
41,7
41,5
41,4
41,3
41,1
40,4
40,3
40,1
39,6
39,5
37,5
37,3
37,1
36,4
36,3
36,1
35,3
35,1
34,5
34,4
34,3
34,1
33,3
33,1
32,4
32,3
32,1
31,4
31,3
31,1
30,3
30,1
20,3
20,2
20,1
19,3
19,2
19,1
14,2
14,0
12,3
12,2
12,1
11,28
11,23
11,17
11,10
11,9
